I	V	L	F	C	M	A	G	T	S	W	Y	P	H	E	Q	D	N	K	R
-0.67 	1.07 	0.03 	0.4 	-1.21 	0.68 	0.95 	0.33 	-0.27 	-1.26 	0.49 	0.49 	0.09 	-0.97 	-0.8 	-0.6 	-0.92 	-1.87 	-1.7 	-1.53
1.07 	0.62 	0.36 	0.48 	0.64 	0.53 	1.4 	-0.13 	0.24 	-0.12 	-2.11 	-0.45 	0.45 	-0.41 	-0.06 	-0.26 	-0.57 	-1.37 	0.23 	-0.43
0.03 	0.36 	-0.53 	-0.07 	-0.05 	0.76 	0.88 	-0.82 	-1.25 	-0.85 	0.02 	-0.93 	-0.67 	0.53 	-0.89 	-0.74 	-1.82 	-1.14 	-1.78 	-0.34
0.4 	0.48 	-0.07 	0.04 	0.34 	0.35 	0.74 	-0.68 	-0.34 	-0.89 	-0.29 	0.33 	0.7 	-1.25 	-1.51 	-0.32 	-2.61 	-0.71 	-1.73 	-1.21
-1.21 	0.64 	-0.05 	0.34 	6.26 	-1.13 	1.16 	0.9 	-0.7 	1.81 	-2.02 	-1.06 	1.16 	1.36 	0.1 	-1.28 	-1.39 	-2.28 	-1.29 	-0.93
0.68 	0.53 	0.76 	0.35 	-1.13 	1.45 	0.41 	0.47 	-1.23 	-0.65 	-0.86 	-0.32 	0.21 	0.3 	-0.13 	-0.02 	-2.86 	-1.15 	-1.01 	-1.71
0.95 	1.4 	0.88 	0.74 	1.16 	0.41 	0.26 	0.46 	0.57 	0.8 	0.29 	0.02 	0.72 	0.92 	0.38 	0.19 	0.59 	0.91 	-0.13 	-0.76
0.33 	-0.13 	-0.82 	-0.68 	0.9 	0.47 	0.46 	-0.72 	1.01 	0.33 	-0.21 	0.25 	0.44 	0.85 	-0.77 	0.62 	0.82 	0.13 	0.52 	0.38
-0.27 	0.24 	-1.25 	-0.34 	-0.7 	-1.23 	0.57 	1.01 	-0.79 	0.89 	0.62 	-0.73 	0.72 	-0.39 	0.12 	-1.13 	1.91 	0.32 	-0.02 	-0.32
-1.26 	-0.12 	-0.85 	-0.89 	1.81 	-0.65 	0.8 	0.33 	0.89 	-0.06 	-0.58 	-0.52 	0.46 	-1.25 	0.9 	0.1 	2.02 	0.62 	0.1 	-0.21
0.49 	-2.11 	0.02 	-0.29 	-2.02 	-0.86 	0.29 	-0.21 	0.62 	-0.58 	-1.09 	-0.12 	3.51 	0.92 	-3.99 	-4.02 	-1.79 	-1.1 	-0.36 	2.05
0.49 	-0.45 	-0.93 	0.33 	-1.06 	-0.32 	0.02 	0.25 	-0.73 	-0.52 	-0.12 	0.25 	0.49 	1.14 	-0.02 	-2.71 	-2.02 	-0.35 	-0.23 	-0.61
0.09 	0.45 	-0.67 	0.7 	1.16 	0.21 	0.72 	0.44 	0.72 	0.46 	3.51 	0.49 	-1.18 	-0.07 	0.55 	0.69 	-0.37 	1.03 	0.21 	0.05
-0.97 	-0.41 	0.53 	-1.25 	1.36 	0.3 	0.92 	0.85 	-0.39 	-1.25 	0.92 	1.14 	-0.07 	1.24 	-1.49 	0.02 	2.2 	-0.85 	-2 	-0.22
-0.8 	-0.06 	-0.89 	-1.51 	0.1 	-0.13 	0.38 	-0.77 	0.12 	0.9 	-3.99 	-0.02 	0.55 	-1.49 	-1.8 	-1.69 	-2.59 	-0.22 	0.95 	0.97
-0.6 	-0.26 	-0.74 	-0.32 	-1.28 	-0.02 	0.19 	0.62 	-1.13 	0.1 	-4.02 	-2.71 	0.69 	0.02 	-1.69 	-1 	0.41 	0.36 	-1.07 	-0.47
-0.92 	-0.57 	-1.82 	-2.6 	-1.39 	-2.86 	0.59 	0.82 	1.91 	2.02 	-1.79 	-2.02 	-0.37 	2.2 	-2.59 	0.41 	-1.74 	1.74 	0.31 	0.95
-1.87 	-1.37 	-1.14 	-0.71 	-2.28 	-1.15 	0.91 	0.13 	0.32 	0.62 	-1.1 	-0.35 	1.03 	-0.85 	-0.22 	0.36 	1.74 	0.58 	-0.66 	-0.38
-1.7 	0.23 	-1.78 	-1.73 	-1.29 	-1.01 	-0.13 	0.52 	-0.02 	0.1 	-0.36 	-0.23 	0.21 	-2 	0.95 	-1.07 	0.31 	-0.66 	-2.06 	-3.41
-1.53 	-0.43 	-0.34 	-1.21 	-0.93 	-1.71 	-0.76 	0.38 	-0.32 	-0.21 	2.05 	-0.61 	0.05 	-0.22 	0.97 	-0.47 	0.95 	-0.38 	-3.41 	-3.23
